DATASET = co2020 case challenge part
NAME = tools over distance over vehicle days over vehicles with 500 requests over 25 days

DAY = 1
NUMBER_OF_VEHICLES = 14
1 R 0 323 0
2 R 0 402 0
3 R 0 90 78 0
4 R 0 30 86 347 0
5 R 0 108 488 21 140 0
6 R 0 119 69 0
7 R 0 17 53 0
8 R 0 166 105 412 377 0
9 R 0 240 292 0
10 R 0 472 0
11 R 0 47 0
12 R 0 308 0
13 R 0 130 0
14 R 0 287 0

DAY = 2
NUMBER_OF_VEHICLES = 16
1 R 0 -323 0
2 R 0 261 0
3 R 0 423 0
4 R 0 101 0
5 R 0 224 0
6 R 0 316 0
7 R 0 120 -308 0
8 R 0 413 160 -412 295 0
9 R 0 60 79 64 233 314 0
10 R 0 354 360 0
11 R 0 122 -488 484 0
12 R 0 485 32 372 0
13 R 0 469 438 0
14 R 0 205 46 0
15 R 0 460 496 0
16 R 0 10 -47 369 -119 270 0

DAY = 3
NUMBER_OF_VEHICLES = 13
1 R 0 361 0
2 R 0 41 0
3 R 0 -472 71 0
4 R 0 -60 -78 -64 -79 -233 0
5 R 0 -354 473 132 0
6 R 0 409 248 -69 0
7 R 0 138 -108 -21 57 0
8 R 0 -166 12 0
9 R 0 349 -130 439 0
10 R 0 -261 148 0
11 R 0 -469 315 0
12 R 0 -485 417 262 27 0
13 R 0 -224 357 0

DAY = 4
NUMBER_OF_VEHICLES = 20
1 R 0 -402 0
2 R 0 -27 0
3 R 0 328 0
4 R 0 -101 0
5 R 0 225 0
6 R 0 273 0
7 R 0 -287 0
8 R 0 -413 131 0
9 R 0 493 -90 453 0
10 R 0 483 -120 72 368 -438 0
11 R 0 76 -140 -484 280 0
12 R 0 81 92 -377 0
13 R 0 -30 -132 82 -71 0
14 R 0 -417 -105 -86 -347 0
15 R 0 -138 380 0
16 R 0 -316 335 -315 0
17 R 0 56 -240 302 -357 489 0
18 R 0 52 381 -17 -46 126 -439 0
19 R 0 141 -423 0
20 R 0 -361 -205 -292 -53 297 183 0

DAY = 5
NUMBER_OF_VEHICLES = 16
1 R 0 234 0
2 R 0 272 0
3 R 0 389 0
4 R 0 276 0
5 R 0 -483 259 284 0
6 R 0 -473 95 -372 0
7 R 0 22 -122 96 -57 0
8 R 0 -10 -369 0
9 R 0 144 -160 244 -314 0
10 R 0 11 -360 -381 201 -12 426 -183 0
11 R 0 333 -496 0
12 R 0 -460 385 0
13 R 0 246 -41 0
14 R 0 139 -295 -32 0
15 R 0 364 -328 -380 0
16 R 0 317 -270 449 0

DAY = 6
NUMBER_OF_VEHICLES = 19
1 R 0 1 0
2 R 0 -139 0
3 R 0 491 0
4 R 0 116 0
5 R 0 162 0
6 R 0 194 0
7 R 0 -272 0
8 R 0 -273 0
9 R 0 286 -259 264 0
10 R 0 54 -131 0
11 R 0 -409 288 382 -244 36 0
12 R 0 -76 304 -280 0
13 R 0 136 415 0
14 R 0 -72 -96 0
15 R 0 305 -52 173 -92 0
16 R 0 172 -22 -262 24 0
17 R 0 98 -148 0
18 R 0 -349 457 -225 154 0
19 R 0 -248 167 223 -126 -489 128 0

DAY = 7
NUMBER_OF_VEHICLES = 23
1 R 0 285 0
2 R 0 88 0
3 R 0 174 0
4 R 0 103 0
5 R 0 62 0
6 R 0 164 0
7 R 0 -1 0
8 R 0 -276 0
9 R 0 -493 206 -81 0
10 R 0 -382 -36 -453 0
11 R 0 416 334 0
12 R 0 -389 227 0
13 R 0 100 -95 178 0
14 R 0 459 59 0
15 R 0 145 -457 -82 149 0
16 R 0 299 -284 331 0
17 R 0 8 -368 0
18 R 0 -116 226 -173 0
19 R 0 179 -141 256 0
20 R 0 -56 220 85 -302 39 -335 0
21 R 0 -304 34 -194 329 -385 0
22 R 0 -333 425 -297 0
23 R 0 213 -167 -223 196 0

DAY = 8
NUMBER_OF_VEHICLES = 26
1 R 0 123 0
2 R 0 127 0
3 R 0 398 0
4 R 0 38 0
5 R 0 80 0
6 R 0 448 0
7 R 0 406 0
8 R 0 51 0
9 R 0 466 0
10 R 0 169 0
11 R 0 365 -416 337 0
12 R 0 -136 16 0
13 R 0 355 461 0
14 R 0 268 -449 296 0
15 R 0 -174 6 -24 242 0
16 R 0 125 309 0
17 R 0 -54 435 275 0
18 R 0 40 -103 -264 0
19 R 0 -144 390 -227 0
20 R 0 -288 462 -162 238 23 0
21 R 0 -220 -85 186 0
22 R 0 -213 325 0
23 R 0 -11 -317 -98 -285 0
24 R 0 -246 400 -39 -128 0
25 R 0 408 -201 228 -426 -234 0
26 R 0 113 -364 208 -491 0

DAY = 9
NUMBER_OF_VEHICLES = 24
1 R 0 66 0
2 R 0 320 0
3 R 0 370 0
4 R 0 478 0
5 R 0 290 0
6 R 0 358 0
7 R 0 451 0
8 R 0 104 0
9 R 0 312 0
10 R 0 352 0
11 R 0 -169 0
12 R 0 450 -334 0
13 R 0 384 -172 176 0
14 R 0 -145 199 -149 221 0
15 R 0 467 -228 0
16 R 0 300 249 392 0
17 R 0 440 -154 0
18 R 0 9 -415 187 0
19 R 0 454 -305 341 -275 452 0
20 R 0 -425 29 366 407 0
21 R 0 -329 283 0
22 R 0 -113 115 -256 -226 0
23 R 0 -286 336 -400 0
24 R 0 -38 121 0

DAY = 10
NUMBER_OF_VEHICLES = 28
1 R 0 14 0
2 R 0 58 0
3 R 0 -62 0
4 R 0 -164 0
5 R 0 -66 0
6 R 0 -127 0
7 R 0 118 0
8 R 0 -466 0
9 R 0 -125 418 -309 0
10 R 0 -467 94 -176 0
11 R 0 430 -355 200 480 0
12 R 0 419 -365 -59 0
13 R 0 -366 -407 0
14 R 0 74 393 -196 0
15 R 0 -435 156 -206 0
16 R 0 -268 197 -299 0
17 R 0 146 -331 0
18 R 0 -450 -40 -249 405 -459 -242 0
19 R 0 -34 376 -121 -296 0
20 R 0 420 -448 0
21 R 0 -208 -8 -88 247 0
22 R 0 -100 117 0
23 R 0 -454 -341 239 -461 0
24 R 0 -325 265 0
25 R 0 252 -51 -179 -178 0
26 R 0 258 321 -199 -337 0
27 R 0 -358 -451 184 -370 0
28 R 0 5 -290 -398 -283 0

DAY = 11
NUMBER_OF_VEHICLES = 16
1 R 0 379 0
2 R 0 -118 0
3 R 0 -187 0
4 R 0 387 0
5 R 0 28 0
6 R 0 -300 482 -6 -392 -16 -200 -480 0
7 R 0 143 -440 424 198 0
8 R 0 -393 107 -117 0
9 R 0 -408 -384 399 0
10 R 0 -29 -478 192 -462 428 -238 0
11 R 0 -80 403 -115 -320 0
12 R 0 -390 230 -221 0
13 R 0 211 401 0
14 R 0 -146 202 -23 -123 0
15 R 0 114 -406 0
16 R 0 492 -352 -420 -186 241 0

DAY = 12
NUMBER_OF_VEHICLES = 17
1 R 0 37 0
2 R 0 195 0
3 R 0 193 0
4 R 0 -387 0
5 R 0 -9 0
6 R 0 -492 0
7 R 0 -197 0
8 R 0 455 -258 0
9 R 0 163 -239 0
10 R 0 -143 159 -336 260 0
11 R 0 269 -452 0
12 R 0 -5 91 -424 155 -230 -405 0
13 R 0 209 -104 -312 157 0
14 R 0 350 -184 -399 0
15 R 0 20 -252 0
16 R 0 436 222 313 -107 330 0
17 R 0 -419 109 -14 207 274 0

DAY = 13
NUMBER_OF_VEHICLES = 15
1 R 0 33 0
2 R 0 -58 0
3 R 0 -379 0
4 R 0 -91 0
5 R 0 -430 210 0
6 R 0 -482 50 147 0
7 R 0 -74 55 -330 0
8 R 0 437 189 310 351 310 0
9 R 0 -350 -94 -321 343 0
10 R 0 -269 -202 -157 318 -207 0
11 R 0 -114 135 -403 0
12 R 0 -455 204 -418 294 -156 311 0
13 R 0 -37 -313 236 446 -241 0
14 R 0 44 -376 -192 203 -247 0
15 R 0 431 -265 0

DAY = 14
NUMBER_OF_VEHICLES = 14
1 R 0 -193 0
2 R 0 -401 0
3 R 0 48 -260 0
4 R 0 500 -428 0
5 R 0 -163 93 142 0
6 R 0 -195 498 0
7 R 0 -204 153 35 386 0
8 R 0 374 -198 4 474 0
9 R 0 -28 212 -55 404 0
10 R 0 490 -446 346 0
11 R 0 -33 -211 0
12 R 0 -431 353 0
13 R 0 -436 -135 410 0
14 R 0 -236 486 267 -351 0

DAY = 15
NUMBER_OF_VEHICLES = 18
1 R 0 362 0
2 R 0 -44 0
3 R 0 411 0
4 R 0 110 0
5 R 0 499 0
6 R 0 307 -159 257 0
7 R 0 447 -155 0
8 R 0 -500 -93 -189 0
9 R 0 191 175 -486 106 0
10 R 0 388 -109 391 0
11 R 0 -209 65 -203 -4 251 0
12 R 0 129 -346 0
13 R 0 31 -410 421 0
14 R 0 253 232 0
15 R 0 -20 414 0
16 R 0 266 470 229 -274 0
17 R 0 434 89 0
18 R 0 306 -222 -35 359 -498 0

DAY = 16
NUMBER_OF_VEHICLES = 12
1 R 0 464 0
2 R 0 373 0
3 R 0 396 -310 0
4 R 0 -437 363 -210 0
5 R 0 -307 367 -257 0
6 R 0 75 -50 0
7 R 0 497 231 -147 61 0
8 R 0 -266 463 475 -318 0
9 R 0 -294 -359 0
10 R 0 445 -447 245 -343 0
11 R 0 441 -153 185 -311 0
12 R 0 -89 -414 0

DAY = 17
NUMBER_OF_VEHICLES = 16
1 R 0 -353 0
2 R 0 -306 0
3 R 0 332 -374 137 -490 340 0
4 R 0 -191 481 -106 -267 -61 0
5 R 0 458 -404 327 0
6 R 0 168 -48 291 -142 15 0
7 R 0 -470 282 -229 0
8 R 0 -388 84 -386 217 0
9 R 0 45 -474 0
10 R 0 243 342 271 0
11 R 0 -65 -231 87 0
12 R 0 -253 356 0
13 R 0 -129 383 -245 487 0
14 R 0 -212 -434 0
15 R 0 -110 -373 3 0
16 R 0 465 443 -391 43 0

DAY = 18
NUMBER_OF_VEHICLES = 19
1 R 0 237 0
2 R 0 422 0
3 R 0 152 0
4 R 0 216 0
5 R 0 433 0
6 R 0 13 0
7 R 0 -363 188 0
8 R 0 250 -75 348 0
9 R 0 -175 293 0
10 R 0 151 -168 -137 218 0
11 R 0 215 -487 0
12 R 0 298 -367 -383 0
13 R 0 -445 -185 -396 281 0
14 R 0 -31 180 -362 -243 -421 -271 0
15 R 0 -497 301 97 -251 0
16 R 0 -465 442 -463 319 102 0
17 R 0 -499 -458 471 0
18 R 0 171 -232 444 -3 0
19 R 0 397 -411 254 -356 289 0

DAY = 19
NUMBER_OF_VEHICLES = 23
1 R 0 -237 0
2 R 0 -422 0
3 R 0 99 0
4 R 0 263 0
5 R 0 -464 0
6 R 0 235 -291 375 0
7 R 0 -250 378 0
8 R 0 432 -340 0
9 R 0 150 -188 0
10 R 0 -298 133 0
11 R 0 326 -15 0
12 R 0 456 219 -475 0
13 R 0 322 -332 63 0
14 R 0 -87 170 0
15 R 0 495 25 0
16 R 0 134 -471 -444 0
17 R 0 77 344 -102 0
18 R 0 -441 161 -217 0
19 R 0 277 -348 177 0
20 R 0 -397 395 0
21 R 0 468 165 0
22 R 0 190 181 -319 -43 0
23 R 0 479 -216 49 0

DAY = 20
NUMBER_OF_VEHICLES = 13
1 R 0 68 0
2 R 0 2 0
3 R 0 278 0
4 R 0 -13 0
5 R 0 124 -443 111 0
6 R 0 -215 303 0
7 R 0 -456 -84 -152 -375 112 0
8 R 0 -45 -326 0
9 R 0 -301 -432 -481 -97 477 0
10 R 0 -171 394 0
11 R 0 -180 -134 -342 0
12 R 0 -322 214 -218 339 -282 -327 0
13 R 0 -433 279 0

DAY = 21
NUMBER_OF_VEHICLES = 13
1 R 0 42 0
2 R 0 83 0
3 R 0 158 -303 0
4 R 0 -442 255 0
5 R 0 -151 429 70 0
6 R 0 26 -150 -293 19 0
7 R 0 -277 427 -63 0
8 R 0 338 -254 345 0
9 R 0 -468 371 -165 0
10 R 0 -479 -281 -177 0
11 R 0 73 182 -161 -77 -344 -49 0
12 R 0 476 7 0
13 R 0 -2 -289 0

DAY = 22
NUMBER_OF_VEHICLES = 13
1 R 0 -42 0
2 R 0 -263 0
3 R 0 67 0
4 R 0 -429 0
5 R 0 18 -214 -70 0
6 R 0 -158 -181 -255 -111 0
7 R 0 -235 -26 -19 -112 0
8 R 0 -495 -25 0
9 R 0 -170 -378 -477 -133 0
10 R 0 -476 324 -99 0
11 R 0 -338 -190 -182 0
12 R 0 -371 -395 0
13 R 0 -219 -278 0

DAY = 23
NUMBER_OF_VEHICLES = 4
1 R 0 -68 0
2 R 0 -67 0
3 R 0 494 -339 -18 -427 0
4 R 0 -7 -124 -394 -279 0

DAY = 24
NUMBER_OF_VEHICLES = 3
1 R 0 -494 0
2 R 0 -73 -345 0
3 R 0 -324 -83 0

